spawns: 
  default: 
    world: Games
    x: 0.5977918151474384
    y: 89.0
    z: 0.5363529030995051
    yaw: -102.60484
    pitch: 19.958403
