uuid: 115bc931-1eb0-4530-bd04-d843d684a3bd
timestamps:
  login: 1436340788764
  logout: 1436342774218
ipAddress: 76.17.149.127
lastlocation:
  world: Survival
  x: 37.5
  y: 73.0
  z: 168.5
  yaw: 34.538544
  pitch: 32.698544
logoutlocation:
  world: Survival
  x: 37.5
  y: 73.0
  z: 168.5
  yaw: 34.538544
  pitch: 32.698544
lastAccountName: liv_thedj
