lastAccountName: mattb74733
timestamps:
  login: 1437797102791
  lastteleport: 1437796384174
  logout: 1437797496704
ipAddress: 99.41.101.29
lastlocation:
  world: Survival
  x: 576.6758282844153
  y: 76.23980071487007
  z: -20.11107194917821
  yaw: -10.240234
  pitch: 11.844923
money: '0.0'
nickname: MatthewTwo
logoutlocation:
  world: Survival
  x: 569.0372602755856
  y: 72.0
  z: 23.585423683329743
  yaw: 7.979492
  pitch: 28.893038
