lastAccountName: Poisontip
timestamps:
  login: 1436952961784
  logout: 1436953563094
  lastteleport: 1436949534695
ipAddress: 58.175.1.253
lastlocation:
  world: Survival
  x: 625.1466439389739
  y: 72.0
  z: 61.30404292656611
  yaw: 252.59998
  pitch: 22.050058
logoutlocation:
  world: Survival
  x: 624.9912684610531
  y: 77.86436911614331
  z: 59.504888514550615
  yaw: 319.34167
  pitch: 21.149975
