lastAccountName: wesley560
timestamps:
  login: 1437471675127
  lastteleport: 1437384485680
  logout: 1437485659197
ipAddress: 175.38.212.31
lastlocation:
  world: Survival
  x: 558.9016241405626
  y: 74.59348507276363
  z: -7.032555859264415
  yaw: 248.32957
  pitch: 40.777843
afk: false
money: '900.0'
logoutlocation:
  world: Games_New
  x: 84.76879744057752
  y: 101.4710011859732
  z: 0.4461302763010493
  yaw: 331.1079
  pitch: 69.94651
nickname: Wesley
