lastAccountName: Yasashiku
timestamps:
  login: 1437271793614
  logout: 1437271147567
ipAddress: 24.231.168.10
lastlocation:
  world: Survival
  x: 601.2775988203732
  y: 94.75207510557692
  z: -14.143531241342727
  yaw: -266.30078
  pitch: 37.588795
logoutlocation:
  world: Survival
  x: 563.4829557692642
  y: 80.52960668010314
  z: -33.97323004768563
  yaw: -3.9507616
  pitch: 29.788797
nickname: Satanswolf
