lastAccountName: SvBad
timestamps:
  login: 1436768592083
  logout: 1436768883913
ipAddress: 176.49.133.30
logoutlocation:
  world: Survival
  x: 561.9134619559437
  y: 72.0
  z: 10.670862379467795
  yaw: 129.48041
  pitch: -57.300022
