lastAccountName: mikky9
timestamps:
  login: 1436852377259
  logout: 1436856088482
ipAddress: 175.38.237.31
lastlocation:
  world: Survival
  x: 593.1904296125758
  y: 77.88424380802
  z: -13.20297994145201
  yaw: 330.45865
  pitch: 36.449966
afk: false
logoutlocation:
  world: Survival
  x: 580.814042587694
  y: 73.05752666038346
  z: 30.0490234609531
  yaw: -224.18274
  pitch: -5.7000113
