lastAccountName: TheDiamondTurtle
muted: false
timestamps:
  mute: 0
  login: 1437207937605
  lastteleport: 1437208225321
  logout: 1437208597829
ipAddress: 50.148.214.82
lastlocation:
  world: Survival
  x: 943.4781084114362
  y: 88.90049793963504
  z: 834.3313564033735
  yaw: -39.380127
  pitch: 39.59998
logoutlocation:
  world: Survival
  x: 572.4001336635199
  y: 105.0
  z: -1.18555759669049
  yaw: 178.92761
  pitch: 8.849998
