world: Games
x: 0.4950876595249577
y: 78.0
z: 0.894168506769707
yaw: -0.6529236
pitch: 13.814397
name: Games
