world: Survival
x: 572.5372404462283
y: 74.0
z: -9.533905940634794
yaw: -1.694825
pitch: -0.3168155
name: Survival
