world: Survival
x: 546.3250817345603
y: 72.0
z: -9.390701465249924
yaw: 87.3932
pitch: 1.5263932
name: Wild
